camera_matrix:
- [352.4374351568552, 0.0, 284.4846629249169]
- [0.0, 359.19997586281124, 269.1666183514307]
- [0.0, 0.0, 1.0]
dist_coeff:
- [-0.09847415763907257, -0.34047153156276655, 0.020062916550221653, -0.02451042105886648,
  0.3453998998754222]
