camera_matrix:
- [494.8195359262499, 0.0, 322.4612052211781]
- [0.0, 492.64264881280224, 215.25194841825456]
- [0.0, 0.0, 1.0]
dist_coeff:
- [-0.3083334386854253, 1.4501468386724052, 0.003648956625968114, -0.005804392015672687,
  -3.11642201924735]
